拉伸杨氏数据处理结果:               
----------------
逐差法数据初步处理:
	F	x_a	x_d	x_mean
0	  10	   2	   2	   2
1	11.5	 2.3	 2.3	 2.3
2	  13	 2.6	 2.6	 2.6
3	14.5	 2.9	 2.9	 2.9
4	  16	 3.2	 3.2	 3.2
5	17.5	 3.5	 3.5	 3.5
6	  19	 3.8	 3.8	 3.8
7	20.5	 4.1	 4.1	 4.1
8	  22	 4.4	 4.4	 4.4
9	23.5	 4.7	 4.7	 4.7
10	  25	4.99	4.99	4.99
11	26.5	5.29	5.29	5.29
6组逐差dx的数据如下
1.80000000 cm 
1.80000000 cm 
1.80000000 cm 
1.80000000 cm 
1.79000000 cm 
1.79000000 cm 

逐差法中各测量数据的处理结果:
	mean	U	E	Si	uj
F	    88.2	 0.01366	0.0001549	1.038e-14	 0.01366
L	    39.8	 0.03415	0.000858	       0	 0.03415
D	   193.8	 0.03415	0.0001762	       0	 0.03415
b	    8.49	0.001366	0.0001609	       0	0.001366
d	  0.7995	0.002817	0.003524	0.0006872	0.002732
∆x	   1.797	 0.03423	 0.01905	 0.00234	 0.03415

----------------
杨氏模量E及其不确定度U,Er:
mean:   1.77678e+11
U:   3.61285e+09
E:     0.0203337

----------------
图解法处理杨氏模量，作x~F图的结果:
拟合方程:
   x = 0.0203606 F + 0.00684149
拟合系数R2: 0.999992
此处斜率单位为cm/9.8N,数据处理后有:
杨氏模量值: 1.77763e+11
未标注单位的均为国际制单位
